146
108
159
138
192
176
119
162
107
141
1000279
1000352
185
121
182
197
102
153
107
117
135
139
159
124
190
118
128
176
142
115
171
141
169
148
103
192
166
102
152
132
163
170
144
160
100
158
170
185
155
131
173
108
119
179
139
147
183
141
168
121
118
106
152
143
167
101
105
128
167
163
136
157
121
188
127
113
114
180
187
190
116
161
141
195
157
189
104
143
170
108
182
147
1000455
1000112
101
146
128
144
190
152
164
175
150
168
190
198
161
156
124
130
174
105
164
131
109
167
183
160
182
136
175
164
123
162
173
143
109
151
169
168
148
140
193
147
180
113
147
168
112
128
187
120
197
128
142
137
147
109
179
159
120
126
197
110
143
131
153
114
165
121
169
145
106
143
193
127
106
188
152
164
104
185
105
101
131
199
185
102
138
165
194
180
100
177
105
192
168
128
149
146
166
199
159
139
169
186
147
149
182
152
153
163
